# Created by Octave 4.4.1, Sun Dec 02 18:44:24 2018 GMT <unknown@DESKTOP-JAN2VPG>
# name: wine_randomized
# type: matrix
# rows: 178
# columns: 14
 3 13.17 5.1900000000000004 2.3199999999999998 22 93 1.74 0.63 0.60999999999999999 1.55 7.9000000000000004 0.59999999999999998 1.48 725
 2 12.69 1.53 2.2599999999999998 20.699999999999999 80 1.3799999999999999 1.46 0.57999999999999996 1.6200000000000001 3.0499999999999998 0.95999999999999996 2.0600000000000001 495
 3 14.16 2.5099999999999998 2.48 20 91 1.6799999999999999 0.69999999999999996 0.44 1.24 9.6999999999999993 0.62 1.71 660
 1 13.390000000000001 1.77 2.6200000000000001 16.100000000000001 93 2.8500000000000001 2.9399999999999999 0.34000000000000002 1.45 4.7999999999999998 0.92000000000000004 3.2200000000000002 1195
 2 12.369999999999999 1.6299999999999999 2.2999999999999998 24.5 88 2.2200000000000002 2.4500000000000002 0.40000000000000002 1.8999999999999999 2.1200000000000001 0.89000000000000001 2.7799999999999998 342
 1 13.58 1.6599999999999999 2.3599999999999999 19.100000000000001 106 2.8599999999999999 3.1899999999999999 0.22 1.95 6.9000000000000004 1.0900000000000001 2.8799999999999999 1515
 2 12 0.92000000000000004 2 19 86 2.4199999999999999 2.2599999999999998 0.29999999999999999 1.4299999999999999 2.5 1.3799999999999999 3.1200000000000001 278
 1 14.220000000000001 1.7 2.2999999999999998 16.300000000000001 118 3.2000000000000002 3 0.26000000000000001 2.0299999999999998 6.3799999999999999 0.93999999999999995 3.3100000000000001 970
 3 12.25 3.8799999999999999 2.2000000000000002 18.5 112 1.3799999999999999 0.78000000000000003 0.28999999999999998 1.1399999999999999 8.2100000000000009 0.65000000000000002 2 855
 3 12.699999999999999 3.5499999999999998 2.3599999999999999 21.5 106 1.7 1.2 0.17000000000000001 0.83999999999999997 5 0.78000000000000003 1.29 600
 1 13.73 1.5 2.7000000000000002 22.5 101 3 3.25 0.28999999999999998 2.3799999999999999 5.7000000000000002 1.1899999999999999 2.71 1285
 1 14.220000000000001 3.9900000000000002 2.5099999999999998 13.199999999999999 128 3 3.04 0.20000000000000001 2.0800000000000001 5.0999999999999996 0.89000000000000001 3.5299999999999998 760
 1 14.300000000000001 1.9199999999999999 2.7200000000000002 20 120 2.7999999999999998 3.1400000000000001 0.33000000000000002 1.97 6.2000000000000002 1.0700000000000001 2.6499999999999999 1280
 2 12.720000000000001 1.8100000000000001 2.2000000000000002 18.800000000000001 86 2.2000000000000002 2.5299999999999998 0.26000000000000001 1.77 3.8999999999999999 1.1599999999999999 3.1400000000000001 714
 2 11.84 2.8900000000000001 2.23 18 112 1.72 1.3200000000000001 0.42999999999999999 0.94999999999999996 2.6499999999999999 0.95999999999999996 2.52 500
 1 13.9 1.6799999999999999 2.1200000000000001 16 101 3.1000000000000001 3.3900000000000001 0.20999999999999999 2.1400000000000001 6.0999999999999996 0.91000000000000003 3.3300000000000001 985
 3 13.84 4.1200000000000001 2.3799999999999999 19.5 89 1.8 0.82999999999999996 0.47999999999999998 1.5600000000000001 9.0099999999999998 0.56999999999999995 1.6399999999999999 480
 1 13.300000000000001 1.72 2.1400000000000001 17 94 2.3999999999999999 2.1899999999999999 0.27000000000000002 1.3500000000000001 3.9500000000000002 1.02 2.77 1285
 2 12.289999999999999 2.8300000000000001 2.2200000000000002 18 88 2.4500000000000002 2.25 0.25 1.99 2.1499999999999999 1.1499999999999999 3.2999999999999998 290
 2 12.369999999999999 0.93999999999999995 1.3600000000000001 10.6 88 1.98 0.56999999999999995 0.28000000000000003 0.41999999999999998 1.95 1.05 1.8200000000000001 520
 1 14.369999999999999 1.95 2.5 16.800000000000001 113 3.8500000000000001 3.4900000000000002 0.23999999999999999 2.1800000000000002 7.7999999999999998 0.85999999999999999 3.4500000000000002 1480
 1 13.51 1.8 2.6499999999999999 19 110 2.3500000000000001 2.5299999999999998 0.28999999999999998 1.54 4.2000000000000002 1.1000000000000001 2.8700000000000001 1095
 1 13.83 1.6499999999999999 2.6000000000000001 17.199999999999999 94 2.4500000000000002 2.9900000000000002 0.22 2.29 5.5999999999999996 1.24 3.3700000000000001 1265
 2 11.56 2.0499999999999998 3.23 28.5 119 3.1800000000000002 5.0800000000000001 0.46999999999999997 1.8700000000000001 6 0.93000000000000005 3.6899999999999999 465
 2 12.08 1.3899999999999999 2.5 22.5 84 2.5600000000000001 2.29 0.42999999999999999 1.04 2.8999999999999999 0.93000000000000005 3.1899999999999999 385
 3 13.16 3.5699999999999998 2.1499999999999999 21 102 1.5 0.55000000000000004 0.42999999999999999 1.3 4 0.59999999999999998 1.6799999999999999 830
 3 14.34 1.6799999999999999 2.7000000000000002 25 98 2.7999999999999998 1.3100000000000001 0.53000000000000003 2.7000000000000002 13 0.56999999999999995 1.96 660
 2 12.42 4.4299999999999997 2.73 26.5 102 2.2000000000000002 2.1299999999999999 0.42999999999999999 1.71 2.0800000000000001 0.92000000000000004 3.1200000000000001 365
 1 14.19 1.5900000000000001 2.48 16.5 108 3.2999999999999998 3.9300000000000002 0.32000000000000001 1.8600000000000001 8.6999999999999993 1.23 2.8199999999999998 1680
 1 13.74 1.6699999999999999 2.25 16.399999999999999 118 2.6000000000000001 2.8999999999999999 0.20999999999999999 1.6200000000000001 5.8499999999999996 0.92000000000000004 3.2000000000000002 1060
 2 11.609999999999999 1.3500000000000001 2.7000000000000002 20 94 2.7400000000000002 2.9199999999999999 0.28999999999999998 2.4900000000000002 2.6499999999999999 0.95999999999999996 3.2599999999999998 680
 2 11.76 2.6800000000000002 2.9199999999999999 20 103 1.75 2.0299999999999998 0.59999999999999998 1.05 3.7999999999999998 1.23 2.5 607
 2 11.82 1.72 1.8799999999999999 19.5 86 2.5 1.6399999999999999 0.37 1.4199999999999999 2.0600000000000001 0.93999999999999995 2.4399999999999999 415
 2 12.34 2.4500000000000002 2.46 21 98 2.5600000000000001 2.1099999999999999 0.34000000000000002 1.3100000000000001 2.7999999999999998 0.80000000000000004 3.3799999999999999 438
 2 12.42 1.6100000000000001 2.1899999999999999 22.5 108 2 2.0899999999999999 0.34000000000000002 1.6100000000000001 2.0600000000000001 1.0600000000000001 2.96 345
 1 13.24 3.98 2.29 17.5 103 2.6400000000000001 2.6299999999999999 0.32000000000000001 1.6599999999999999 4.3600000000000003 0.81999999999999995 3 680
 2 12.43 1.53 2.29 21.5 86 2.7400000000000002 3.1499999999999999 0.39000000000000001 1.77 3.9399999999999999 0.68999999999999995 2.8399999999999999 352
 3 12.859999999999999 1.3500000000000001 2.3199999999999998 18 122 1.51 1.25 0.20999999999999999 0.93999999999999995 4.0999999999999996 0.76000000000000001 1.29 630
 3 13.710000000000001 5.6500000000000004 2.4500000000000002 20.5 95 1.6799999999999999 0.60999999999999999 0.52000000000000002 1.0600000000000001 7.7000000000000002 0.64000000000000001 1.74 740
 2 12.039999999999999 4.2999999999999998 2.3799999999999999 22 80 2.1000000000000001 1.75 0.41999999999999998 1.3500000000000001 2.6000000000000001 0.79000000000000004 2.5699999999999998 580
 1 14.199999999999999 1.76 2.4500000000000002 15.199999999999999 112 3.27 3.3900000000000001 0.34000000000000002 1.97 6.75 1.05 2.8500000000000001 1450
 2 11.640000000000001 2.0600000000000001 2.46 21.600000000000001 84 1.95 1.6899999999999999 0.47999999999999998 1.3500000000000001 2.7999999999999998 1 2.75 680
 1 13.07 1.5 2.1000000000000001 15.5 98 2.3999999999999999 2.6400000000000001 0.28000000000000003 1.3700000000000001 3.7000000000000002 1.1799999999999999 2.6899999999999999 1020
 3 13.69 3.2599999999999998 2.54 20 107 1.8300000000000001 0.56000000000000005 0.5 0.80000000000000004 5.8799999999999999 0.95999999999999996 1.8200000000000001 680
 2 12.52 2.4300000000000002 2.1699999999999999 21 88 2.5499999999999998 2.27 0.26000000000000001 1.22 2 0.90000000000000002 2.7799999999999998 325
 3 12.529999999999999 5.5099999999999998 2.6400000000000001 25 96 1.79 0.59999999999999998 0.63 1.1000000000000001 5 0.81999999999999995 1.6899999999999999 515
